8.500000000000000000e+00 6.988794878184214632e-01 5.000000000000000000e-01
8.736011902491251035e+00 7.276282276970920115e-01 5.000000000000000000e-01
8.972023804982503847e+00 7.419997517408065679e-01 5.000000000000000000e-01
9.208035707473754883e+00 7.476563714291857288e-01 5.000000000000000000e-01
9.444047609965005918e+00 7.530165800828277911e-01 5.000000000000000000e-01
9.680059512456258730e+00 7.768779762740756212e-01 5.000000000000000000e-01
9.916071414947509766e+00 7.906003450748788630e-01 5.000000000000000000e-01
1.015208331743876080e+01 7.943899583050161306e-01 5.000000000000000000e-01
1.038809521993001361e+01 8.106029898107549592e-01 5.000000000000000000e-01
1.062410712242126465e+01 8.471458939844641600e-01 5.000000000000000000e-01
1.086011902491251568e+01 8.894657540247800087e-01 5.000000000000000000e-01
1.109613092740376672e+01 9.342191473784815514e-01 5.000000000000000000e-01
1.133214282989501953e+01 9.632937259557237120e-01 5.000000000000000000e-01
1.156815473238627057e+01 9.932975980944187544e-01 5.000000000000000000e-01
1.180416663487752160e+01 1.036214073728262353e+00 5.000000000000000000e-01
1.204017853736877441e+01 1.041234963988207696e+00 5.000000000000000000e-01
1.227619043986002545e+01 9.797610109297714143e-01 5.000000000000000000e-01
1.251220234235127649e+01 9.170292283219847462e-01 5.000000000000000000e-01
1.274821424484252930e+01 9.151967537144427567e-01 5.000000000000000000e-01
1.298422614733378033e+01 8.858921726199324720e-01 5.000000000000000000e-01
1.322023804982503137e+01 8.986894948668053829e-01 5.000000000000000000e-01
1.345624995231628418e+01 8.852104472792845513e-01 5.000000000000000000e-01
1.369226185480753522e+01 8.503602001557886148e-01 5.000000000000000000e-01
1.392827375729878625e+01 9.539933845353645303e-01 5.000000000000000000e-01
1.416428565979003906e+01 1.013537200168779240e+00 5.000000000000000000e-01
