8.500000000000000000e+00 6.905489507168576235e-01 1.500000000000000000e+00
8.712797602017721132e+00 7.130759739444467726e-01 1.500000000000000000e+00
8.925595204035440489e+00 7.254552968687140169e-01 1.500000000000000000e+00
9.138392806053161621e+00 7.380552800246331646e-01 1.500000000000000000e+00
9.351190408070882754e+00 7.639011797120123237e-01 1.500000000000000000e+00
9.563988010088602110e+00 7.875779092146196758e-01 1.500000000000000000e+00
9.776785612106323242e+00 7.939879215960475856e-01 1.500000000000000000e+00
9.989583214124044375e+00 7.985362625227856448e-01 1.500000000000000000e+00
1.020238081614176373e+01 8.133327120601229199e-01 1.500000000000000000e+00
1.041517841815948486e+01 8.335517646823680238e-01 1.500000000000000000e+00
1.062797602017720600e+01 8.621034990332685499e-01 1.500000000000000000e+00
1.084077362219492713e+01 8.938305189332158562e-01 1.500000000000000000e+00
1.105357122421264648e+01 9.356174644418089326e-01 1.500000000000000000e+00
1.126636882623036762e+01 9.883276356262848950e-01 1.500000000000000000e+00
1.147916642824808875e+01 1.023388951862867158e+00 1.500000000000000000e+00
1.169196403026580811e+01 1.049970295533222631e+00 1.500000000000000000e+00
1.190476163228352924e+01 1.052165582849501568e+00 1.500000000000000000e+00
1.211755923430125037e+01 1.029761882801196737e+00 1.500000000000000000e+00
1.233035683631896973e+01 1.001433797147160965e+00 1.500000000000000000e+00
1.254315443833669086e+01 9.810352876901772268e-01 1.500000000000000000e+00
1.275595204035441199e+01 9.412844133937845470e-01 1.500000000000000000e+00
1.296874964237213135e+01 8.914005302203662495e-01 1.500000000000000000e+00
1.318154724438985248e+01 8.616964026313295166e-01 1.500000000000000000e+00
1.339434484640757361e+01 8.964260542381792263e-01 1.500000000000000000e+00
1.360714244842529297e+01 1.002273905340808735e+00 1.500000000000000000e+00
