8.500000000000000000e+00 6.605870981545005627e-01 3.000000000000000000e+00
8.685714284578958555e+00 7.334134969274600513e-01 3.000000000000000000e+00
8.871428569157918886e+00 7.850676980261559468e-01 3.000000000000000000e+00
9.057142853736877441e+00 8.048131884876514874e-01 3.000000000000000000e+00
9.242857138315835996e+00 8.069337340617634968e-01 3.000000000000000000e+00
9.428571422894796328e+00 8.045598365971322607e-01 3.000000000000000000e+00
9.614285707473754883e+00 8.040264446098742690e-01 3.000000000000000000e+00
9.799999992052713438e+00 8.123441021902766401e-01 3.000000000000000000e+00
9.985714276631673769e+00 8.280624843019952497e-01 3.000000000000000000e+00
1.017142856121063232e+01 8.478627296865566265e-01 3.000000000000000000e+00
1.035714284578959088e+01 8.695566494786890477e-01 3.000000000000000000e+00
1.054285713036854943e+01 8.890015461732587720e-01 3.000000000000000000e+00
1.072857141494750977e+01 9.084542843269697299e-01 3.000000000000000000e+00
1.091428569952646832e+01 9.235112699651089052e-01 3.000000000000000000e+00
1.109999998410542688e+01 9.554659358263513091e-01 3.000000000000000000e+00
1.128571426868438721e+01 9.975825539272238363e-01 3.000000000000000000e+00
1.147142855326334576e+01 1.031602896292378890e+00 3.000000000000000000e+00
1.165714283784230432e+01 1.046318808106703191e+00 3.000000000000000000e+00
1.184285712242126465e+01 1.056372513735337026e+00 3.000000000000000000e+00
1.202857140700022320e+01 1.062024530675804712e+00 3.000000000000000000e+00
1.221428569157918176e+01 1.031634566672762654e+00 3.000000000000000000e+00
1.239999997615814209e+01 9.862689532932671366e-01 3.000000000000000000e+00
1.258571426073710064e+01 9.709763969516806981e-01 3.000000000000000000e+00
1.277142854531605920e+01 9.441579559337771599e-01 3.000000000000000000e+00
1.295714282989501953e+01 9.700841911431936637e-01 3.000000000000000000e+00
