8.500000000000000000e+00 6.576550557680233000e-01 2.500000000000000000e+00
8.697321414947509766e+00 7.077789757293856399e-01 2.500000000000000000e+00
8.894642829895019531e+00 7.475742704815715456e-01 2.500000000000000000e+00
9.091964244842529297e+00 7.775922991552709496e-01 2.500000000000000000e+00
9.289285659790039062e+00 7.954018914976956900e-01 2.500000000000000000e+00
9.486607074737548828e+00 7.992983642264225308e-01 2.500000000000000000e+00
9.683928489685058594e+00 8.013333167732765716e-01 2.500000000000000000e+00
9.881249904632568359e+00 8.108497161275712850e-01 2.500000000000000000e+00
1.007857131958007812e+01 8.277193247231604545e-01 2.500000000000000000e+00
1.027589273452758789e+01 8.478312573943689312e-01 2.500000000000000000e+00
1.047321414947509766e+01 8.717912137675034590e-01 2.500000000000000000e+00
1.067053556442260742e+01 8.938606091492328209e-01 2.500000000000000000e+00
1.086785697937011719e+01 9.140144459284644807e-01 2.500000000000000000e+00
1.106517839431762695e+01 9.486351202598768406e-01 2.500000000000000000e+00
1.126249980926513672e+01 9.997460736489134359e-01 2.500000000000000000e+00
1.145982122421264648e+01 1.038461704377648065e+00 2.500000000000000000e+00
1.165714263916015625e+01 1.048740280849606243e+00 2.500000000000000000e+00
1.185446405410766602e+01 1.050027776647628919e+00 2.500000000000000000e+00
1.205178546905517578e+01 1.052688929319264943e+00 2.500000000000000000e+00
1.224910688400268555e+01 1.031637653331618498e+00 2.500000000000000000e+00
1.244642829895019531e+01 9.824109204414483987e-01 2.500000000000000000e+00
1.264374971389770508e+01 9.318770012155892513e-01 2.500000000000000000e+00
1.284107112884521484e+01 9.101799127331799966e-01 2.500000000000000000e+00
1.303839254379272461e+01 9.614685235872246771e-01 2.500000000000000000e+00
1.323571395874023438e+01 1.002322305716627060e+00 2.500000000000000000e+00
