8.500000000000000000e+00 6.942605971390732877e-01 1.000000000000000000e+00
8.724404772122701601e+00 7.222380958711608345e-01 1.000000000000000000e+00
8.948809544245401426e+00 7.329416457371044080e-01 1.000000000000000000e+00
9.173214316368103027e+00 7.391890012566012524e-01 1.000000000000000000e+00
9.397619088490804629e+00 7.571490243058855985e-01 1.000000000000000000e+00
9.622023860613504453e+00 7.846860731508423781e-01 1.000000000000000000e+00
9.846428632736206055e+00 7.944915171464910220e-01 1.000000000000000000e+00
1.007083340485890766e+01 7.975930695476156629e-01 1.000000000000000000e+00
1.029523817698160748e+01 8.135408649352990906e-01 1.000000000000000000e+00
1.051964294910430908e+01 8.354814674818489273e-01 1.000000000000000000e+00
1.074404772122701068e+01 8.637993660365599347e-01 1.000000000000000000e+00
1.096845249334971228e+01 9.057593954763949462e-01 1.000000000000000000e+00
1.119285726547241211e+01 9.595845437394384669e-01 1.000000000000000000e+00
1.141726203759511371e+01 1.000958416268308282e+00 1.000000000000000000e+00
1.164166680971781531e+01 1.026817607211348626e+00 1.000000000000000000e+00
1.186607158184051514e+01 1.050291481499599611e+00 1.000000000000000000e+00
1.209047635396321674e+01 1.053973847849650092e+00 1.000000000000000000e+00
1.231488112608591834e+01 1.017885432947724489e+00 1.000000000000000000e+00
1.253928589820861816e+01 9.631386131637098558e-01 1.000000000000000000e+00
1.276369067033131977e+01 9.295965681849081008e-01 1.000000000000000000e+00
1.298809544245402137e+01 9.405495397853078643e-01 1.000000000000000000e+00
1.321250021457672119e+01 8.800552646152159930e-01 1.000000000000000000e+00
1.343690498669942279e+01 8.388687244960879585e-01 1.000000000000000000e+00
1.366130975882212439e+01 8.983194123599969050e-01 1.000000000000000000e+00
1.388571453094482422e+01 1.001946172722031347e+00 1.000000000000000000e+00
