8.500000000000000000e+00 7.029525815214849871e-01 0.000000000000000000e+00
8.728273828824361757e+00 7.320779332634319569e-01 0.000000000000000000e+00
8.956547657648721739e+00 7.496237444458277999e-01 0.000000000000000000e+00
9.184821486473083496e+00 7.580863838547856615e-01 0.000000000000000000e+00
9.413095315297445254e+00 7.581166376271435414e-01 0.000000000000000000e+00
9.641369144121805235e+00 7.647908237555962607e-01 0.000000000000000000e+00
9.869642972946166992e+00 7.768650686691214169e-01 0.000000000000000000e+00
1.009791680177052875e+01 7.793015886692860050e-01 0.000000000000000000e+00
1.032619063059488873e+01 7.931289729848669534e-01 0.000000000000000000e+00
1.055446445941925049e+01 8.379970183853371335e-01 0.000000000000000000e+00
1.078273828824361225e+01 8.847414588024813398e-01 0.000000000000000000e+00
1.101101211706797400e+01 9.140980069667468122e-01 0.000000000000000000e+00
1.123928594589233398e+01 9.431383018835211018e-01 0.000000000000000000e+00
1.146755977471669574e+01 9.754191176313546929e-01 0.000000000000000000e+00
1.169583360354105750e+01 9.991795563821979087e-01 0.000000000000000000e+00
1.192410743236541748e+01 9.799565755785837329e-01 0.000000000000000000e+00
1.215238126118977924e+01 9.095966780831545861e-01 0.000000000000000000e+00
1.238065509001414100e+01 8.642925480981409336e-01 0.000000000000000000e+00
1.260892891883850098e+01 8.647512073908548702e-01 0.000000000000000000e+00
1.283720274766286273e+01 8.690428624793837820e-01 0.000000000000000000e+00
1.306547657648722449e+01 8.483463766170409315e-01 0.000000000000000000e+00
1.329375040531158447e+01 8.808357320026261039e-01 0.000000000000000000e+00
1.352202423413594623e+01 9.133274446629240373e-01 0.000000000000000000e+00
1.375029806296030799e+01 9.265354277139750128e-01 0.000000000000000000e+00
1.397857189178466797e+01 9.785654909706482663e-01 0.000000000000000000e+00
