8.500000000000000000e+00 8.234380412183506248e-01 4.000000000000000000e+00
8.674107154210409121e+00 8.779157265522501419e-01 4.000000000000000000e+00
8.848214308420816465e+00 8.720673364104601921e-01 4.000000000000000000e+00
9.022321462631225586e+00 8.443369906493530808e-01 4.000000000000000000e+00
9.196428616841634707e+00 8.217219547009010361e-01 4.000000000000000000e+00
9.370535771052042051e+00 8.071677483105939022e-01 4.000000000000000000e+00
9.544642925262451172e+00 8.043459957148679784e-01 4.000000000000000000e+00
9.718750079472860293e+00 8.116199549274579761e-01 4.000000000000000000e+00
9.892857233683267637e+00 8.271315579612208424e-01 4.000000000000000000e+00
1.006696438789367676e+01 8.467480160450892024e-01 4.000000000000000000e+00
1.024107154210408588e+01 8.657709629250012195e-01 4.000000000000000000e+00
1.041517869631449322e+01 8.834774926704617171e-01 4.000000000000000000e+00
1.058928585052490234e+01 8.994496715837516643e-01 4.000000000000000000e+00
1.076339300473531146e+01 9.117261959018001516e-01 4.000000000000000000e+00
1.093750015894572059e+01 9.307498879992780472e-01 4.000000000000000000e+00
1.111160731315612793e+01 9.666909980131344060e-01 4.000000000000000000e+00
1.128571446736653705e+01 1.003613567808601559e+00 4.000000000000000000e+00
1.145982162157694617e+01 1.028509590068501289e+00 4.000000000000000000e+00
1.163392877578735352e+01 1.031672272745521646e+00 4.000000000000000000e+00
1.180803592999776264e+01 1.027856236883484264e+00 4.000000000000000000e+00
1.198214308420817176e+01 1.022814487442944786e+00 4.000000000000000000e+00
1.215625023841857910e+01 9.928673943508810051e-01 4.000000000000000000e+00
1.233035739262898822e+01 9.744041152955934537e-01 4.000000000000000000e+00
1.250446454683939734e+01 9.768673007201967851e-01 4.000000000000000000e+00
1.267857170104980469e+01 1.000523981790731209e+00 4.000000000000000000e+00
