8.500000000000000000e+00 6.837743940588282276e-01 2.000000000000000000e+00
8.705059528350830078e+00 7.065640164500202047e-01 2.000000000000000000e+00
8.910119056701660156e+00 7.219964431441074915e-01 2.000000000000000000e+00
9.115178585052490234e+00 7.478574697174904529e-01 2.000000000000000000e+00
9.320238113403320312e+00 7.766720912018137968e-01 2.000000000000000000e+00
9.525297641754150391e+00 7.906307735967615935e-01 2.000000000000000000e+00
9.730357170104980469e+00 7.949532307068691850e-01 2.000000000000000000e+00
9.935416698455810547e+00 8.016790024267871351e-01 2.000000000000000000e+00
1.014047622680664062e+01 8.171679957200254085e-01 2.000000000000000000e+00
1.034553575515747070e+01 8.396702585886538506e-01 2.000000000000000000e+00
1.055059528350830078e+01 8.659272568489519983e-01 2.000000000000000000e+00
1.075565481185913086e+01 8.915514855913408976e-01 2.000000000000000000e+00
1.096071434020996094e+01 9.203665096589362937e-01 2.000000000000000000e+00
1.116577386856079102e+01 9.739438047162667367e-01 2.000000000000000000e+00
1.137083339691162109e+01 1.015059454387488902e+00 2.000000000000000000e+00
1.157589292526245117e+01 1.038104602292924561e+00 2.000000000000000000e+00
1.178095245361328125e+01 1.049445205218188404e+00 2.000000000000000000e+00
1.198601198196411133e+01 1.051496308479965780e+00 2.000000000000000000e+00
1.219107151031494141e+01 1.045653361979786755e+00 2.000000000000000000e+00
1.239613103866577148e+01 9.926167266483055807e-01 2.000000000000000000e+00
1.260119056701660156e+01 9.558573321178547300e-01 2.000000000000000000e+00
1.280625009536743164e+01 8.754893916615735794e-01 2.000000000000000000e+00
1.301130962371826172e+01 9.188776740449364766e-01 2.000000000000000000e+00
1.321636915206909180e+01 9.502420939341631456e-01 2.000000000000000000e+00
1.342142868041992188e+01 9.447610939933607233e-01 2.000000000000000000e+00
