8.500000000000000000e+00 7.052759469597214004e-01 3.500000000000000000e+00
8.670238097508748965e+00 8.024915007156333546e-01 3.500000000000000000e+00
8.840476195017496153e+00 8.327045365407832467e-01 3.500000000000000000e+00
9.010714292526245117e+00 8.303662359162449214e-01 3.500000000000000000e+00
9.180952390034994082e+00 8.174513950375937865e-01 3.500000000000000000e+00
9.351190487543741270e+00 8.091074611158630692e-01 3.500000000000000000e+00
9.521428585052490234e+00 8.054056918378378338e-01 3.500000000000000000e+00
9.691666682561239199e+00 8.105684363171539175e-01 3.500000000000000000e+00
9.861904780069986387e+00 8.238433205289790173e-01 3.500000000000000000e+00
1.003214287757873535e+01 8.399473976527399577e-01 3.500000000000000000e+00
1.020238097508748432e+01 8.567288137807704818e-01 3.500000000000000000e+00
1.037261907259623150e+01 8.765732373716967896e-01 3.500000000000000000e+00
1.054285717010498047e+01 8.955758240169231499e-01 3.500000000000000000e+00
1.071309526761372943e+01 9.078399548148764486e-01 3.500000000000000000e+00
1.088333336512247840e+01 9.239438489044937697e-01 3.500000000000000000e+00
1.105357146263122559e+01 9.529205783224624637e-01 3.500000000000000000e+00
1.122380956013997455e+01 9.895760751719760995e-01 3.500000000000000000e+00
1.139404765764872351e+01 1.024344274395790233e+00 3.500000000000000000e+00
1.156428575515747070e+01 1.040047673903783165e+00 3.500000000000000000e+00
1.173452385266621967e+01 1.042462225494497297e+00 3.500000000000000000e+00
1.190476195017496863e+01 1.025941393795705814e+00 3.500000000000000000e+00
1.207500004768371582e+01 9.894392793589753543e-01 3.500000000000000000e+00
1.224523814519246478e+01 9.347925092293145610e-01 3.500000000000000000e+00
1.241547624270121375e+01 8.685205144614180917e-01 3.500000000000000000e+00
1.258571434020996094e+01 8.018218598543978004e-01 3.500000000000000000e+00
