8.500000000000000000e+00 8.104912592592592446e+00
8.600000381469726562e+00 6.449517037037036715e+00
8.699999809265136719e+00 5.451164444444444257e+00
8.800000190734863281e+00 4.380136296296296194e+00
8.899999618530273438e+00 3.616094814814814651e+00
9.000000000000000000e+00 2.972136296296296276e+00
9.100000381469726562e+00 2.486850370370370378e+00
9.199999809265136719e+00 1.987271111111111210e+00
9.300000190734863281e+00 1.629819259259259301e+00
9.399999618530273438e+00 1.348053333333333326e+00
9.500000000000000000e+00 1.086056296296296297e+00
9.600000381469726562e+00 8.984651851851851445e-01
9.699999809265136719e+00 7.281303703703703167e-01
9.800000190734863281e+00 5.973807407407407677e-01
9.899999618530273438e+00 4.830577777777777526e-01
1.000000000000000000e+01 3.912770370370370343e-01
1.010000038146972656e+01 3.196681481481481457e-01
1.019999980926513672e+01 2.541985185185185459e-01
1.030000019073486328e+01 2.112711111111111040e-01
1.039999961853027344e+01 1.708800000000000041e-01
1.050000000000000000e+01 1.394251851851851798e-01
1.060000038146972656e+01 1.131851851851851803e-01
1.069999980926513672e+01 9.488592592592592911e-02
1.080000019073486328e+01 7.582814814814814453e-02
1.089999961853027344e+01 6.165333333333333082e-02
1.100000000000000000e+01 4.958814814814814509e-02
1.110000038146972656e+01 4.124444444444444469e-02
1.119999980926513672e+01 3.128888888888888692e-02
1.130000019073486328e+01 2.759111111111111139e-02
1.139999961853027344e+01 2.166518518518518663e-02
1.150000000000000000e+01 1.728000000000000022e-02
1.160000038146972656e+01 1.372444444444444363e-02
1.169999980926513672e+01 1.133037037037037086e-02
1.180000019073486328e+01 9.528888888888888825e-03
1.189999961853027344e+01 8.319999999999999271e-03
1.200000000000000000e+01 5.617777777777777960e-03
1.210000038146972656e+01 4.859259259259259348e-03
1.219999980926513672e+01 4.124444444444444469e-03
1.230000019073486328e+01 3.342222222222222122e-03
1.239999961853027344e+01 2.560000000000000209e-03
1.250000000000000000e+01 2.417777777777777807e-03
1.260000038146972656e+01 1.896296296296296315e-03
1.269999980926513672e+01 1.540740740740740742e-03
1.280000019073486328e+01 1.042962962962962984e-03
1.289999961853027344e+01 9.955555555555555165e-04
1.300000000000000000e+01 8.296296296296295971e-04
1.310000038146972656e+01 5.925925925925925849e-04
1.319999980926513672e+01 4.503703703703703450e-04
1.330000019073486328e+01 2.844444444444444255e-04
1.339999961853027344e+01 1.422222222222222128e-04
1.350000000000000000e+01 3.318518518518518388e-04
1.360000038146972656e+01 2.844444444444444255e-04
1.369999980926513672e+01 1.422222222222222128e-04
1.380000019073486328e+01 1.185185185185185197e-04
1.389999961853027344e+01 0.000000000000000000e+00
1.400000000000000000e+01 4.740740740740740652e-05
1.410000038146972656e+01 9.481481481481481303e-05
1.419999980926513672e+01 2.370370370370370326e-05
1.430000019073486328e+01 7.111111111111110639e-05
1.439999961853027344e+01 0.000000000000000000e+00
1.450000000000000000e+01 0.000000000000000000e+00
1.460000038146972656e+01 0.000000000000000000e+00
1.469999980926513672e+01 0.000000000000000000e+00
1.480000019073486328e+01 0.000000000000000000e+00
1.489999961853027344e+01 0.000000000000000000e+00
1.500000000000000000e+01 0.000000000000000000e+00
1.510000038146972656e+01 0.000000000000000000e+00
1.519999980926513672e+01 0.000000000000000000e+00
1.530000019073486328e+01 0.000000000000000000e+00
1.539999961853027344e+01 0.000000000000000000e+00
1.550000000000000000e+01 0.000000000000000000e+00
1.560000038146972656e+01 0.000000000000000000e+00
1.569999980926513672e+01 0.000000000000000000e+00
1.580000019073486328e+01 0.000000000000000000e+00
1.589999961853027344e+01 0.000000000000000000e+00
1.600000000000000000e+01 0.000000000000000000e+00
1.610000038146972656e+01 0.000000000000000000e+00
1.620000076293945312e+01 0.000000000000000000e+00
1.629999923706054688e+01 0.000000000000000000e+00
1.639999961853027344e+01 0.000000000000000000e+00
