3.334894461609584915e-01
3.400794533634247108e-01
3.468916550192994164e-01
3.539344687297291125e-01
3.612192449197850208e-01
3.687580985058088179e-01
3.765612291593727901e-01
3.846422688223590791e-01
3.930153719108809840e-01
4.016929394762785988e-01
4.106914463151795092e-01
4.200270834160443889e-01
4.297153178726873524e-01
4.397759841323548580e-01
4.502277905601648755e-01
4.610901144374098815e-01
4.723869150012509066e-01
4.841399028827211293e-01
4.963734999010617766e-01
5.091167124911925024e-01
5.223950758891900970e-01
5.362393598877999157e-01
5.506847690244830451e-01
5.657619412911006895e-01
5.815095473004405768e-01
5.979703465869330437e-01
6.151820146182089832e-01
6.331930732449283505e-01
6.520554771688070739e-01
6.718166748117838649e-01
6.925374911005339751e-01
7.142812671342968489e-01
7.371086775839258420e-01
7.610962406745183095e-01
7.863214564237821502e-01
8.128625253112317095e-01
8.408162668477242585e-01
8.702773960759431215e-01
9.013474731475307200e-01
9.341490895338342426e-01
9.687979949138021407e-01
1.005426349073079928e+00
1.044189491012402993e+00
1.085230027135919650e+00
1.128721021640109123e+00
1.174862211677005774e+00
1.223837595533657341e+00
1.275883377600998791e+00
1.331271105245179331e+00
1.390262589677224936e+00
1.453200025950369234e+00
1.520465200042684595e+00
1.592426232089563909e+00
1.669528735085440196e+00
1.752215635270545135e+00
