4.313100718987303295e-01
4.398331108603072970e-01
4.486435175226723415e-01
4.577521784828695317e-01
4.671737738569641807e-01
4.769239725076112602e-01
4.870159659010685482e-01
4.974673847341152810e-01
5.082965356476908392e-01
5.195194571443523257e-01
5.311574566372893047e-01
5.432314745101857190e-01
5.557615147238059716e-01
5.687732297598003806e-01
5.822908157293296139e-01
5.963393337610080058e-01
6.109497710208736665e-01
6.261502064333370754e-01
6.419722253726396488e-01
6.584533426065860562e-01
6.756265834490726707e-01
6.935317432549814587e-01
7.122143529426985253e-01
7.317140373609403170e-01
7.520808102168499154e-01
7.733699735419822252e-01
7.956302539857903477e-01
8.189244061555133181e-01
8.433196244345542159e-01
8.688772750761395436e-01
8.956760245022897804e-01
9.237977933631891236e-01
9.533210537622351932e-01
9.843447687043135330e-01
1.016969171005992711e+00
1.051295399384340135e+00
1.087448672999573596e+00
1.125551489211461087e+00
1.165735198286088181e+00
1.208158350779909185e+00
1.252970648527533370e+00
1.300343016909537797e+00
1.350476359533765436e+00
1.403555112619225831e+00
1.459803104267080043e+00
1.519478659467086379e+00
1.582819747831955670e+00
1.650131858518269601e+00
1.721766190654609341e+00
1.798061351303220201e+00
1.879459909912447824e+00
1.966455639864709726e+00
2.059524640273014739e+00
2.159243233869247103e+00
2.266184268641100896e+00
