5.450466653227609148e-01
5.558172647242457520e-01
5.669510081265982659e-01
5.784616527751987869e-01
5.903677504107598395e-01
6.026891022659218722e-01
6.154423783418286886e-01
6.286498587821661710e-01
6.423346782494564478e-01
6.565171044860154126e-01
6.712240639299151823e-01
6.864820192589693448e-01
7.023162495130910177e-01
7.187591719282186986e-01
7.358413633248616081e-01
7.535944934534221096e-01
7.720577209013504971e-01
7.912665290165499243e-01
8.112608322814883755e-01
8.320880381950485072e-01
8.537898808689884378e-01
8.764166498335961286e-01
9.000258826583271698e-01
9.246676533270704601e-01
9.504051642946105272e-01
9.773083008322235310e-01
1.005438638759658110e+00
1.034875481075064663e+00
1.065703741313720920e+00
1.098000968004865241e+00
1.131866572023904949e+00
1.167404076677904357e+00
1.204712647338170628e+00
1.243917343707058309e+00
1.285144830090283019e+00
1.328522915472475141e+00
1.374209839288887069e+00
1.422360401428383048e+00
1.473140589258912891e+00
1.526750763315259052e+00
1.583380102131453082e+00
1.643244604554391142e+00
1.706598152942969460e+00
1.773673819687334285e+00
1.844754456590942171e+00
1.920166509075685868e+00
2.000210699407346748e+00
2.085273074465464838e+00
2.175797444985860363e+00
2.272211709134800639e+00
2.375075142395657313e+00
2.485011726604919868e+00
2.602623108533566931e+00
2.728637587564712863e+00
2.863779071990874225e+00
