7.911137744163901919e-01
8.067469759362959625e-01
8.229072581535039621e-01
8.396145886889968546e-01
8.568958962044680439e-01
8.747799230449821994e-01
8.932908650104047776e-01
9.124610616935057150e-01
9.323240939580740294e-01
9.529093792633559490e-01
9.742560009873626470e-01
9.964023694773904705e-01
1.019385176148926320e+00
1.043251473732445200e+00
1.068045643730173966e+00
1.093813653486968240e+00
1.120612340531104367e+00
1.148493207732113275e+00
1.177514189731373895e+00
1.207744097091272728e+00
1.239243505396496969e+00
1.272085408321993016e+00
1.306353319681879954e+00
1.342119919860047972e+00
1.379476944932407800e+00
1.418525830824012290e+00
1.459355952377951349e+00
1.502082415014965422e+00
1.546828467603265755e+00
1.593706668848925423e+00
1.642861309884956489e+00
1.694442650843161147e+00
1.748594626416377640e+00
1.805498755997977378e+00
1.865338888144590479e+00
1.928300532869490658e+00
1.994613368982660617e+00
2.064502082921380488e+00
2.138207599205088183e+00
2.216020733539491694e+00
2.298216071168325936e+00
2.385107125898707991e+00
2.477062398054641790e+00
2.574420183253903538e+00
2.677591030379436798e+00
2.787048763031279908e+00
2.903229868604455532e+00
3.026694679764106777e+00
3.158087370914467229e+00
3.298029019743473622e+00
3.447331393217999640e+00
3.606900177339766422e+00
3.777608639872125362e+00
3.960513880338670578e+00
4.156666624970259072e+00
