1.045515999398189066e+00
1.066176581493316622e+00
1.087533728815303746e+00
1.109613829478169666e+00
1.132452473787438629e+00
1.156087649014976071e+00
1.180551331493268297e+00
1.205886261391502901e+00
1.232136820648888076e+00
1.259341886072208316e+00
1.287553110243445875e+00
1.316821256487237024e+00
1.347194815237382048e+00
1.378735970914226616e+00
1.411503377843626561e+00
1.445557785512184834e+00
1.480974309704177649e+00
1.517821015647298211e+00
1.556174468636642327e+00
1.596125607284052172e+00
1.637754486639755536e+00
1.681157573595030152e+00
1.726445238190369880e+00
1.773713532936300075e+00
1.823083694218739170e+00
1.874689777481771680e+00
1.928649898175520905e+00
1.985116176988685588e+00
2.044251496757297115e+00
2.106204612331421089e+00
2.171166215592301274e+00
2.239334886982037975e+00
2.310900847337687303e+00
2.386103988513770702e+00
2.465187280487258104e+00
2.548395888705210055e+00
2.636033351029121619e+00
2.728396607524159467e+00
2.825804058233887694e+00
2.928640038460020190e+00
3.037267433880880496e+00
3.152100577314460139e+00
3.273626470390254894e+00
3.402292196712882522e+00
3.538640327981686262e+00
3.683297058173371941e+00
3.836839238556972731e+00
4.000007391532599321e+00
4.173652842868601276e+00
4.358596394212075786e+00
4.555910857579419826e+00
4.766793166052700315e+00
4.992397409629303340e+00
5.234120626265752918e+00
5.493351431468758150e+00
