1.302520960649042214e+00
1.328260424063276268e+00
1.354867665723346715e+00
1.382375559575936830e+00
1.410828447101114547e+00
1.440273656049724016e+00
1.470751022785589779e+00
1.502313794985533191e+00
1.535017267342517977e+00
1.568909872590565246e+00
1.604055961615782122e+00
1.640518777667355987e+00
1.678358730867743231e+00
1.717653292389476061e+00
1.758475535643949872e+00
1.800901143367968693e+00
1.845023696766901811e+00
1.890927992987709638e+00
1.938709418907168969e+00
1.988481268034293370e+00
2.040343274436612120e+00
2.094415618706537696e+00
2.150835802070368619e+00
2.209723488272441028e+00
2.271229716048413394e+00
2.335521494386730179e+00
2.402745973520794109e+00
2.473092668349231804e+00
2.546764501315597062e+00
2.623946793738221039e+00
2.704877113004896305e+00
2.789802854206911320e+00
2.878960997781288000e+00
2.972650405219602554e+00
3.071173772916687916e+00
3.174836532296063663e+00
3.284016836326443922e+00
3.399084618320665996e+00
3.520436546752849782e+00
3.648551433409875866e+00
3.783881367714706734e+00
3.926942532878202385e+00
4.078341644245735864e+00
4.238635686577963746e+00
4.408500605525299321e+00
4.588716524933723839e+00
4.780002096624131447e+00
4.983279876956195231e+00
5.199610463115167391e+00
5.430016424700220057e+00
5.675834290317799180e+00
5.938555220700777681e+00
6.219617001805222145e+00
6.520760088566569301e+00
6.843714443366459399e+00
