nu
0.2571430726508867
0.27196165655717736
0.288309838287149
0.30639965836741095
0.32648773481191656
0.34888036240183856
0.3739458086832888
0.4021286974489599
0.4339697950577032
0.4701299329693148
0.5114223798605732
0.5588568563888352
0.6136915027857673
0.6775147905214316
0.7523443891847029
0.8407635042077206
0.9461195804906487
1.0727826696012615
1.226550283907228
1.4152203567112818
1.6493747515643988
1.943277558233212
2.3162476646865744
2.7964683511611654
3.4229634018760584
