8.500000000000000000e+00 6.793521528765408268e-01
8.592857360839843750e+00 7.343815533460104072e-01
8.685714721679687500e+00 7.004062608257487499e-01
8.778571128845214844e+00 7.536166528374039775e-01
8.871428489685058594e+00 7.250527028482619540e-01
8.964285850524902344e+00 7.317045836602039666e-01
9.057143211364746094e+00 7.517426562235524079e-01
9.149999618530273438e+00 7.351075111533679207e-01
9.242856979370117188e+00 7.257935244452740076e-01
9.335714340209960938e+00 7.347841827909409318e-01
9.428571701049804688e+00 7.630596102095734690e-01
9.521428108215332031e+00 7.662276942258240409e-01
9.614285469055175781e+00 8.061109377625230721e-01
9.707142829895019531e+00 8.090141825458975200e-01
9.800000190734863281e+00 7.959048647142807908e-01
9.892857551574707031e+00 7.865599182352440710e-01
9.985713958740234375e+00 7.936914787885128719e-01
1.007857131958007812e+01 7.881826207592382838e-01
1.017142868041992188e+01 7.953423812461443143e-01
1.026428604125976562e+01 8.022881996974281504e-01
1.035714244842529297e+01 8.301300494878581793e-01
1.044999980926513672e+01 8.300438596491228616e-01
1.054285717010498047e+01 8.315806769635228912e-01
1.063571453094482422e+01 8.392315470171890501e-01
1.072857189178466797e+01 8.708524757529351179e-01
1.082142829895019531e+01 8.531073446327683829e-01
1.091428565979003906e+01 8.901220865704772001e-01
1.100714302062988281e+01 9.216814159292034958e-01
1.110000038146972656e+01 9.151515151515151603e-01
1.119285678863525391e+01 9.672240802675585725e-01
1.128571414947509766e+01 9.959216965742251348e-01
1.137857151031494141e+01 1.003058103975535076e+00
1.147142887115478516e+01 1.025740025740025763e+00
1.156428527832031250e+01 1.035658914728682101e+00
1.165714263916015625e+01 1.007285974499089187e+00
1.175000000000000000e+01 1.002083333333333437e+00
1.184285736083984375e+01 1.114285714285714324e+00
1.193571472167968750e+01 1.037037037037036979e+00
1.202857112884521484e+01 1.112107623318385752e+00
1.212142848968505859e+01 1.034825870646766122e+00
1.221428585052490234e+01 9.774011299435028111e-01
1.230714321136474609e+01 1.140495867768595017e+00
1.239999961853027344e+01 9.693877551020407823e-01
1.249285697937011719e+01 1.098765432098765427e+00
1.258571434020996094e+01 7.971014492753623060e-01
1.267857170104980469e+01 9.423076923076922906e-01
1.277142810821533203e+01 7.800000000000000266e-01
1.286428546905517578e+01 1.000000000000000000e+00
1.295714282989501953e+01 1.217391304347826164e+00
1.305000019073486328e+01 6.086956521739130821e-01
1.314285755157470703e+01 1.181818181818181879e+00
1.323571395874023438e+01 9.090909090909090606e-01
1.332857131958007812e+01 6.666666666666666297e-01
1.342142868041992188e+01 6.666666666666666297e-01
1.351428604125976562e+01 1.000000000000000000e+00
1.360714244842529297e+01 2.000000000000000000e+00
1.369999980926513672e+01 8.333333333333333703e-01
1.379285717010498047e+01 1.000000000000000000e+00
1.388571453094482422e+01 1.000000000000000000e+00
1.397857189178466797e+01 nan
1.407142829895019531e+01 nan
1.416428565979003906e+01 nan
1.425714302062988281e+01 nan
1.435000038146972656e+01 nan
1.444285678863525391e+01 nan
1.453571414947509766e+01 nan
1.462857151031494141e+01 nan
1.472142887115478516e+01 nan
1.481428527832031250e+01 nan
1.490714263916015625e+01 nan
