8.500000000000000000e+00 6.867662481526284335e-01
8.592857360839843750e+00 7.339251496903723693e-01
8.685714721679687500e+00 7.063070675237975715e-01
8.778571128845214844e+00 7.581054716222708212e-01
8.871428489685058594e+00 7.260774938353381502e-01
8.964285850524902344e+00 7.439440487194823870e-01
9.057143211364746094e+00 7.543311535617246433e-01
9.149999618530273438e+00 7.552923110672370433e-01
9.242856979370117188e+00 7.438969312320236060e-01
9.335714340209960938e+00 7.444904578494685454e-01
9.428571701049804688e+00 7.439527404921699727e-01
9.521428108215332031e+00 7.385858926053002760e-01
9.614285469055175781e+00 7.634783938035059059e-01
9.707142829895019531e+00 8.114505487633282277e-01
9.800000190734863281e+00 7.969017014637045371e-01
9.892857551574707031e+00 7.993256174245876311e-01
9.985713958740234375e+00 7.871303577361834503e-01
1.007857131958007812e+01 7.906598984771573413e-01
1.017142868041992188e+01 7.881793589638494968e-01
1.026428604125976562e+01 7.727407407407407280e-01
1.035714244842529297e+01 8.219595417986839125e-01
1.044999980926513672e+01 7.840069534984789312e-01
1.054285717010498047e+01 8.577338129496402397e-01
1.063571453094482422e+01 8.452380952380952328e-01
1.072857189178466797e+01 8.652849740932642142e-01
1.082142829895019531e+01 8.680075424261470829e-01
1.091428565979003906e+01 8.914933837429112051e-01
1.100714302062988281e+01 9.253308128544422972e-01
1.110000038146972656e+01 9.513729977116704983e-01
1.119285678863525391e+01 9.551414768806073541e-01
1.128571414947509766e+01 9.527622097678142277e-01
1.137857151031494141e+01 9.940298507462687061e-01
1.147142887115478516e+01 9.368932038834951737e-01
1.156428527832031250e+01 1.013782542113323082e+00
1.165714263916015625e+01 9.823529411764705399e-01
1.175000000000000000e+01 1.024175824175824090e+00
1.184285736083984375e+01 1.081967213114754189e+00
1.193571472167968750e+01 1.045307443365695699e+00
1.202857112884521484e+01 1.084070796460177011e+00
1.212142848968505859e+01 1.076142131979695327e+00
1.221428585052490234e+01 9.882352941176471006e-01
1.230714321136474609e+01 1.067669172932330879e+00
1.239999961853027344e+01 8.496240601503759482e-01
1.249285697937011719e+01 8.085106382978722861e-01
1.258571434020996094e+01 9.420289855072463414e-01
1.267857170104980469e+01 8.032786885245901676e-01
1.277142810821533203e+01 1.105263157894736947e+00
1.286428546905517578e+01 9.761904761904761640e-01
1.295714282989501953e+01 6.756756756756756577e-01
1.305000019073486328e+01 9.130434782608695121e-01
1.314285755157470703e+01 8.823529411764705621e-01
1.323571395874023438e+01 1.000000000000000000e+00
1.332857131958007812e+01 1.214285714285714191e+00
1.342142868041992188e+01 8.888888888888888395e-01
1.351428604125976562e+01 4.545454545454545303e-01
1.360714244842529297e+01 1.199999999999999956e+00
1.369999980926513672e+01 6.666666666666666297e-01
1.379285717010498047e+01 1.000000000000000000e+00
1.388571453094482422e+01 2.000000000000000000e+00
1.397857189178466797e+01 1.000000000000000000e+00
1.407142829895019531e+01 1.000000000000000000e+00
1.416428565979003906e+01 1.000000000000000000e+00
1.425714302062988281e+01 nan
1.435000038146972656e+01 nan
1.444285678863525391e+01 nan
1.453571414947509766e+01 nan
1.462857151031494141e+01 nan
1.472142887115478516e+01 nan
1.481428527832031250e+01 nan
1.490714263916015625e+01 nan
