8.500000000000000000e+00 6.783000321354983875e-01
8.592857360839843750e+00 7.297866143836377884e-01
8.685714721679687500e+00 6.921805344867075771e-01
8.778571128845214844e+00 7.484618059879005747e-01
8.871428489685058594e+00 7.140589436255115885e-01
8.964285850524902344e+00 7.211508627890880208e-01
9.057143211364746094e+00 7.296670495365323861e-01
9.149999618530273438e+00 7.256681353527036915e-01
9.242856979370117188e+00 7.292670555414658695e-01
9.335714340209960938e+00 7.645129211814389869e-01
9.428571701049804688e+00 7.914791148603984583e-01
9.521428108215332031e+00 7.978666969800310982e-01
9.614285469055175781e+00 7.970108070820878243e-01
9.707142829895019531e+00 8.015806288885152231e-01
9.800000190734863281e+00 7.855409331738164580e-01
9.892857551574707031e+00 7.916597164303585954e-01
9.985713958740234375e+00 8.026228504362912242e-01
1.007857131958007812e+01 7.861310730299121419e-01
1.017142868041992188e+01 7.992764000904499788e-01
1.026428604125976562e+01 8.321645628798504113e-01
1.035714244842529297e+01 8.163513663015820043e-01
1.044999980926513672e+01 8.512820512820512553e-01
1.054285717010498047e+01 8.248855461085676799e-01
1.063571453094482422e+01 8.580441640378548840e-01
1.072857189178466797e+01 9.020541082164328373e-01
1.082142829895019531e+01 8.660170523751522520e-01
1.091428565979003906e+01 9.027570789865871914e-01
1.100714302062988281e+01 9.037433155080213387e-01
1.110000038146972656e+01 9.402901785714286031e-01
1.119285678863525391e+01 1.009866102889358741e+00
1.128571414947509766e+01 9.774058577405857484e-01
1.137857151031494141e+01 1.053846153846153877e+00
1.147142887115478516e+01 9.767441860465115866e-01
1.156428527832031250e+01 1.043831168831168776e+00
1.165714263916015625e+01 1.053719008264462742e+00
1.175000000000000000e+01 1.100257069408740351e+00
1.184285736083984375e+01 1.042904290429042868e+00
1.193571472167968750e+01 1.060606060606060552e+00
1.202857112884521484e+01 1.067632850241545972e+00
1.212142848968505859e+01 1.035294117647058920e+00
1.221428585052490234e+01 9.924242424242424310e-01
1.230714321136474609e+01 1.000000000000000000e+00
1.239999961853027344e+01 1.012345679012345734e+00
1.249285697937011719e+01 9.420289855072463414e-01
1.258571434020996094e+01 1.073170731707317138e+00
1.267857170104980469e+01 9.555555555555556024e-01
1.277142810821533203e+01 8.695652173913043237e-01
1.286428546905517578e+01 9.565217391304348116e-01
1.295714282989501953e+01 1.000000000000000000e+00
1.305000019073486328e+01 7.500000000000000000e-01
1.314285755157470703e+01 8.333333333333333703e-01
1.323571395874023438e+01 5.000000000000000000e-01
1.332857131958007812e+01 2.000000000000000000e+00
1.342142868041992188e+01 8.000000000000000444e-01
1.351428604125976562e+01 1.000000000000000000e+00
1.360714244842529297e+01 1.000000000000000000e+00
1.369999980926513672e+01 nan
1.379285717010498047e+01 nan
1.388571453094482422e+01 nan
1.397857189178466797e+01 nan
1.407142829895019531e+01 nan
1.416428565979003906e+01 nan
1.425714302062988281e+01 nan
1.435000038146972656e+01 nan
1.444285678863525391e+01 nan
1.453571414947509766e+01 nan
1.462857151031494141e+01 nan
1.472142887115478516e+01 nan
1.481428527832031250e+01 nan
1.490714263916015625e+01 nan
