8.500000000000000000e+00 6.665679336884635653e-01
8.592857360839843750e+00 7.266159056942491645e-01
8.685714721679687500e+00 6.816489656476356629e-01
8.778571128845214844e+00 7.403454470317362146e-01
8.871428489685058594e+00 6.992033968001989397e-01
8.964285850524902344e+00 7.135755752461983015e-01
9.057143211364746094e+00 7.341988531861949330e-01
9.149999618530273438e+00 7.535910056564349979e-01
9.242856979370117188e+00 7.687451660778862328e-01
9.335714340209960938e+00 7.983636200418071649e-01
9.428571701049804688e+00 8.029724655819774348e-01
9.521428108215332031e+00 7.962337859364332360e-01
9.614285469055175781e+00 7.837331505597441295e-01
9.707142829895019531e+00 7.995562761327758006e-01
9.800000190734863281e+00 7.987035376870560421e-01
9.892857551574707031e+00 7.821500334896182016e-01
9.985713958740234375e+00 8.048323265986252473e-01
1.007857131958007812e+01 8.051603111364067367e-01
1.017142868041992188e+01 8.198791032213634811e-01
1.026428604125976562e+01 8.282866277976302927e-01
1.035714244842529297e+01 8.370707778556412126e-01
1.044999980926513672e+01 8.565748366941209335e-01
1.054285717010498047e+01 8.625483984512495317e-01
1.063571453094482422e+01 8.629049560180218625e-01
1.072857189178466797e+01 9.290611814345991482e-01
1.082142829895019531e+01 8.836902800658978929e-01
1.091428565979003906e+01 8.800315706393054827e-01
1.100714302062988281e+01 9.167533818938605750e-01
1.110000038146972656e+01 9.473684210526315264e-01
1.119285678863525391e+01 1.011904761904761862e+00
1.128571414947509766e+01 9.895437262357414943e-01
1.137857151031494141e+01 1.057670126874279193e+00
1.147142887115478516e+01 1.009331259720062102e+00
1.156428527832031250e+01 1.076023391812865437e+00
1.165714263916015625e+01 1.014598540145985384e+00
1.175000000000000000e+01 1.099009900990099098e+00
1.184285736083984375e+01 9.881422924901185345e-01
1.193571472167968750e+01 1.080952380952380887e+00
1.202857112884521484e+01 1.028571428571428470e+00
1.212142848968505859e+01 1.084507042253521236e+00
1.221428585052490234e+01 1.176470588235294157e+00
1.230714321136474609e+01 8.783783783783783994e-01
1.239999961853027344e+01 1.135135135135135087e+00
1.249285697937011719e+01 7.708333333333333703e-01
1.258571434020996094e+01 1.166666666666666741e+00
1.267857170104980469e+01 1.037037037037036979e+00
1.277142810821533203e+01 5.500000000000000444e-01
1.286428546905517578e+01 8.750000000000000000e-01
1.295714282989501953e+01 6.666666666666666297e-01
1.305000019073486328e+01 1.250000000000000000e+00
1.314285755157470703e+01 1.000000000000000000e+00
1.323571395874023438e+01 1.000000000000000000e+00
1.332857131958007812e+01 7.500000000000000000e-01
1.342142868041992188e+01 1.000000000000000000e+00
1.351428604125976562e+01 nan
1.360714244842529297e+01 nan
1.369999980926513672e+01 nan
1.379285717010498047e+01 nan
1.388571453094482422e+01 nan
1.397857189178466797e+01 nan
1.407142829895019531e+01 nan
1.416428565979003906e+01 nan
1.425714302062988281e+01 nan
1.435000038146972656e+01 nan
1.444285678863525391e+01 nan
1.453571414947509766e+01 nan
1.462857151031494141e+01 nan
1.472142887115478516e+01 nan
1.481428527832031250e+01 nan
1.490714263916015625e+01 nan
