8.500000000000000000e+00 6.310268208043660065e-01
8.592857360839843750e+00 7.236416074062526071e-01
8.685714721679687500e+00 7.310907189682678275e-01
8.778571128845214844e+00 8.238453229451802029e-01
8.871428489685058594e+00 7.934964850571395445e-01
8.964285850524902344e+00 7.949153158832729105e-01
9.057143211364746094e+00 8.206489944460906294e-01
9.149999618530273438e+00 8.115152124809100753e-01
9.242856979370117188e+00 8.097874224977856805e-01
9.335714340209960938e+00 8.045589315344231496e-01
9.428571701049804688e+00 8.009933608709467467e-01
9.521428108215332031e+00 8.013537555469213425e-01
9.614285469055175781e+00 8.038962329788291727e-01
9.707142829895019531e+00 7.946323665821531934e-01
9.800000190734863281e+00 8.083508906339781364e-01
9.892857551574707031e+00 8.159393682624864752e-01
9.985713958740234375e+00 8.291396103896103709e-01
1.007857131958007812e+01 8.354088095068669118e-01
1.017142868041992188e+01 8.443264645010348790e-01
1.026428604125976562e+01 8.590113056971846461e-01
1.035714244842529297e+01 8.791974362547024802e-01
1.044999980926513672e+01 8.558773424190800894e-01
1.054285717010498047e+01 9.050605536332180234e-01
1.063571453094482422e+01 9.153172285638438987e-01
1.072857189178466797e+01 9.164054336468129280e-01
1.082142829895019531e+01 8.988377098579423130e-01
1.091428565979003906e+01 8.990825688073394995e-01
1.100714302062988281e+01 9.386206896551724244e-01
1.110000038146972656e+01 9.400544959128065425e-01
1.119285678863525391e+01 9.708963911525029244e-01
1.128571414947509766e+01 9.953917050691244439e-01
1.137857151031494141e+01 1.043977055449330837e+00
1.147142887115478516e+01 1.063291139240506222e+00
1.156428527832031250e+01 1.066037735849056700e+00
1.165714263916015625e+01 1.020576131687242816e+00
1.175000000000000000e+01 1.041237113402061931e+00
1.184285736083984375e+01 1.071428571428571397e+00
1.193571472167968750e+01 1.009523809523809490e+00
1.202857112884521484e+01 1.134328358208955168e+00
1.212142848968505859e+01 1.106382978723404298e+00
1.221428585052490234e+01 1.029411764705882248e+00
1.230714321136474609e+01 1.038461538461538547e+00
1.239999961853027344e+01 8.750000000000000000e-01
1.249285697937011719e+01 9.000000000000000222e-01
1.258571434020996094e+01 1.142857142857142794e+00
1.267857170104980469e+01 1.000000000000000000e+00
1.277142810821533203e+01 7.500000000000000000e-01
1.286428546905517578e+01 1.000000000000000000e+00
1.295714282989501953e+01 1.000000000000000000e+00
1.305000019073486328e+01 nan
1.314285755157470703e+01 nan
1.323571395874023438e+01 nan
1.332857131958007812e+01 nan
1.342142868041992188e+01 nan
1.351428604125976562e+01 nan
1.360714244842529297e+01 nan
1.369999980926513672e+01 nan
1.379285717010498047e+01 nan
1.388571453094482422e+01 nan
1.397857189178466797e+01 nan
1.407142829895019531e+01 nan
1.416428565979003906e+01 nan
1.425714302062988281e+01 nan
1.435000038146972656e+01 nan
1.444285678863525391e+01 nan
1.453571414947509766e+01 nan
1.462857151031494141e+01 nan
1.472142887115478516e+01 nan
1.481428527832031250e+01 nan
1.490714263916015625e+01 nan
