8.500000000000000000e+00 6.568444176116732258e-01
8.592857360839843750e+00 8.061379624033446767e-01
8.685714721679687500e+00 8.262359190274369825e-01
8.778571128845214844e+00 9.043782029844810166e-01
8.871428489685058594e+00 8.378245348614299370e-01
8.964285850524902344e+00 8.312915242520834136e-01
9.057143211364746094e+00 8.318602309930163141e-01
9.149999618530273438e+00 8.189621987835861150e-01
9.242856979370117188e+00 8.060430105009306345e-01
9.335714340209960938e+00 7.988309508652120527e-01
9.428571701049804688e+00 8.103224877627411837e-01
9.521428108215332031e+00 8.056419466468088819e-01
9.614285469055175781e+00 7.949689225598207676e-01
9.707142829895019531e+00 7.976899899564781071e-01
9.800000190734863281e+00 8.163734380876760399e-01
9.892857551574707031e+00 8.197650239134954830e-01
9.985713958740234375e+00 8.483470806001168762e-01
1.007857131958007812e+01 8.431466030989273053e-01
1.017142868041992188e+01 8.487654320987654266e-01
1.026428604125976562e+01 8.602231415319042673e-01
1.035714244842529297e+01 8.670295489891135521e-01
1.044999980926513672e+01 8.952722920406941398e-01
1.054285717010498047e+01 9.131674442716433138e-01
1.063571453094482422e+01 8.761006289308176376e-01
1.072857189178466797e+01 9.352916134525329772e-01
1.082142829895019531e+01 9.031578947368421595e-01
1.091428565979003906e+01 9.121253405994550478e-01
1.100714302062988281e+01 9.155188246097336613e-01
1.110000038146972656e+01 9.720279720279719760e-01
1.119285678863525391e+01 9.598765432098765871e-01
1.128571414947509766e+01 1.030000000000000027e+00
1.137857151031494141e+01 1.051724137931034475e+00
1.147142887115478516e+01 1.024561403508772006e+00
1.156428527832031250e+01 1.085308056872037907e+00
1.165714263916015625e+01 9.948453608247422864e-01
1.175000000000000000e+01 1.123893805309734484e+00
1.184285736083984375e+01 1.037974683544303778e+00
1.193571472167968750e+01 9.830508474576271638e-01
1.202857112884521484e+01 1.085106382978723305e+00
1.212142848968505859e+01 9.090909090909090606e-01
1.221428585052490234e+01 1.050000000000000044e+00
1.230714321136474609e+01 8.461538461538461453e-01
1.239999961853027344e+01 9.000000000000000222e-01
1.258571434020996094e+01 8.000000000000000444e-01
1.267857170104980469e+01 1.500000000000000000e+00
1.277142810821533203e+01 5.000000000000000000e-01
1.286428546905517578e+01 nan
1.295714282989501953e+01 nan
1.305000019073486328e+01 nan
1.314285755157470703e+01 nan
1.323571395874023438e+01 nan
1.332857131958007812e+01 nan
1.342142868041992188e+01 nan
1.351428604125976562e+01 nan
1.360714244842529297e+01 nan
1.369999980926513672e+01 nan
1.379285717010498047e+01 nan
1.388571453094482422e+01 nan
1.397857189178466797e+01 nan
1.407142829895019531e+01 nan
1.416428565979003906e+01 nan
1.425714302062988281e+01 nan
1.435000038146972656e+01 nan
1.444285678863525391e+01 nan
1.453571414947509766e+01 nan
1.462857151031494141e+01 nan
1.472142887115478516e+01 nan
1.481428527832031250e+01 nan
1.490714263916015625e+01 nan
