8.500000000000000000e+00 6.916650355277589313e-01
8.592857360839843750e+00 7.364659639092371313e-01
8.685714721679687500e+00 7.117798689948622304e-01
8.778571128845214844e+00 7.731724578786356439e-01
8.871428489685058594e+00 7.310098013928295613e-01
8.964285850524902344e+00 7.483572798440595308e-01
9.057143211364746094e+00 7.630574103922019846e-01
9.149999618530273438e+00 7.599214551467549095e-01
9.242856979370117188e+00 7.630871465401954934e-01
9.335714340209960938e+00 7.599435590969455534e-01
9.428571701049804688e+00 7.608367087842331511e-01
9.521428108215332031e+00 7.498364706737408181e-01
9.614285469055175781e+00 7.367090814014293221e-01
9.707142829895019531e+00 7.732118901362705632e-01
9.800000190734863281e+00 7.909183327685530562e-01
9.892857551574707031e+00 8.022990886495443563e-01
9.985713958740234375e+00 7.888047085342182463e-01
1.007857131958007812e+01 7.541396413582601710e-01
1.017142868041992188e+01 7.740857620196770483e-01
1.026428604125976562e+01 7.691698710698936514e-01
1.035714244842529297e+01 7.788111605337646459e-01
1.044999980926513672e+01 7.993107975057434089e-01
1.054285717010498047e+01 8.456281407035175501e-01
1.063571453094482422e+01 8.578571428571428736e-01
1.072857189178466797e+01 8.764108352144469594e-01
1.082142829895019531e+01 9.191123836793128055e-01
1.091428565979003906e+01 8.883354088833540496e-01
1.100714302062988281e+01 9.205194805194805152e-01
1.110000038146972656e+01 9.051094890510948954e-01
1.119285678863525391e+01 9.512195121951219079e-01
1.128571414947509766e+01 9.440937781785392335e-01
1.137857151031494141e+01 9.817974971558589559e-01
1.147142887115478516e+01 9.500640204865556937e-01
1.156428527832031250e+01 9.874551971326165356e-01
1.165714263916015625e+01 1.006097560975609762e+00
1.175000000000000000e+01 1.057553956834532460e+00
1.184285736083984375e+01 1.112759643916913843e+00
1.193571472167968750e+01 9.766666666666666829e-01
1.202857112884521484e+01 1.004566210045662045e+00
1.212142848968505859e+01 1.122222222222222232e+00
1.221428585052490234e+01 8.525641025641025328e-01
1.230714321136474609e+01 7.803030303030302761e-01
1.239999961853027344e+01 9.000000000000000222e-01
1.249285697937011719e+01 8.510638297872340496e-01
1.258571434020996094e+01 1.000000000000000000e+00
1.267857170104980469e+01 7.323943661971831220e-01
1.277142810821533203e+01 8.399999999999999689e-01
1.286428546905517578e+01 1.033333333333333437e+00
1.295714282989501953e+01 7.317073170731707155e-01
1.305000019073486328e+01 8.000000000000000444e-01
1.314285755157470703e+01 8.947368421052631637e-01
1.323571395874023438e+01 7.142857142857143016e-01
1.332857131958007812e+01 1.000000000000000000e+00
1.342142868041992188e+01 1.000000000000000000e+00
1.351428604125976562e+01 8.333333333333333703e-01
1.360714244842529297e+01 9.090909090909090606e-01
1.369999980926513672e+01 1.000000000000000000e+00
1.379285717010498047e+01 8.333333333333333703e-01
1.388571453094482422e+01 inf
1.397857189178466797e+01 1.000000000000000000e+00
1.407142829895019531e+01 1.333333333333333259e+00
1.416428565979003906e+01 5.000000000000000000e-01
1.425714302062988281e+01 0.000000000000000000e+00
1.435000038146972656e+01 1.500000000000000000e+00
1.444285678863525391e+01 nan
1.453571414947509766e+01 nan
1.462857151031494141e+01 nan
1.472142887115478516e+01 nan
1.481428527832031250e+01 nan
1.490714263916015625e+01 nan
